(17.969828, -0.013910967) inf
(17.967447, -0.00938376) 17.969828
(17.90966, -0.0021328449) 17.967447
(17.895456, -0.060280174) 17.90966
(17.952868, 0.028496334) 17.895456
(17.96219, -0.04896807) 17.895456
(17.976728, 0.08455631) 17.895456
(17.947847, 0.011487893) 17.895456
(17.92557, -0.005920511) 17.895456
(18.007671, -0.023332058) 17.895456
(17.941734, 0.028838746) 17.895456
(17.96032, 0.051115822) 17.895456
(17.975351, 0.079792924) 17.895456
(17.97875, 0.010261362) 17.895456
(17.995747, -0.058186475) 17.895456
(17.989147, 0.01969322) 17.895456
(17.969652, 0.059410922) 17.895456
(17.96133, 0.036100127) 17.895456
(17.955894, 0.0827023) 17.895456
(17.943508, 0.048381135) 17.895456
(17.969334, 0.03057739) 17.895456
(17.95885, -0.053242903) 17.895456
(17.952868, -0.05838045) 17.895456
(17.955889, 0.038145654) 17.895456
(17.97861, -0.01581716) 17.895456
(18.017584, 0.011193501) 17.895456
(17.968128, 0.035297006) 17.895456
(18.00144, 0.06920978) 17.895456
(17.923422, -0.09462612) 17.895456
(17.970207, -0.0039120805) 17.895456
(17.864023, -0.10514447) 17.895456
(17.990635, 0.04149658) 17.864023
(17.981647, 0.0233834) 17.864023
(17.976318, 0.020399788) 17.864023
(17.947508, 0.04500178) 17.864023
(17.89112, -0.09044142) 17.864023
(18.009613, 0.07625258) 17.864023
(17.97757, 0.024096863) 17.864023
(17.986525, -0.0029437256) 17.864023
(17.932907, 0.0011612773) 17.864023
(18.021217, 0.12866075) 17.864023
(17.991419, 0.074580275) 17.864023
(17.965548, 0.0030836822) 17.864023
(17.947464, 0.011244948) 17.864023
(17.942528, -0.0061145946) 17.864023
(17.88954, -0.011910643) 17.864023
(17.999008, 0.0696951) 17.864023
(18.02731, 0.0046071177) 17.864023
(17.962753, 0.04018962) 17.864023
(17.96775, 0.00526) 17.864023
(17.929605, -0.06065142) 17.864023
(17.978758, 0.0021477395) 17.864023
(17.99091, 0.03950834) 17.864023
(17.912752, -0.03265262) 17.864023
(18.013624, 0.0569047) 17.864023
(18.010067, 0.08466808) 17.864023
(17.925219, -0.021232428) 17.864023
(17.978632, 0.027547574) 17.864023
(17.924114, -0.03334047) 17.864023
(17.952652, -0.04766388) 17.864023
(18.030672, 0.05435747) 17.864023
(17.946327, 0.03292348) 17.864023
(18.000023, 0.036985405) 17.864023
(17.967155, 0.03272792) 17.864023
(17.975788, -0.011088506) 17.864023
(17.94133, -0.013760267) 17.864023
(17.98313, 0.072756164) 17.864023
(17.98911, 0.03216976) 17.864023
(18.005804, 0.05546224) 17.864023
(17.986252, 0.075174086) 17.864023
(17.985565, 0.0013158931) 17.864023
(17.939291, -0.044675875) 17.864023
(17.958387, 0.038879525) 17.864023
(17.975548, -0.07475927) 17.864023
(17.95499, -0.0071938667) 17.864023
(17.925375, -0.006529229) 17.864023
(17.88986, -0.08189072) 17.864023
(17.944742, -0.05265598) 17.864023
(17.9531, -0.014601612) 17.864023
(17.992012, 0.068967484) 17.864023
(17.93514, -0.03379418) 17.864023
(17.92788, -0.013576854) 17.864023
(17.925241, -0.015852882) 17.864023
(17.93504, -0.015634783) 17.864023
(17.931, -0.0053962986) 17.864023
(17.953402, -0.057135772) 17.864023
(17.991789, 0.056459554) 17.864023
(17.973156, 0.034983538) 17.864023
(18.00989, 0.076200254) 17.864023
(17.941895, -0.0031871411) 17.864023
(17.940767, -0.02428789) 17.864023
(17.957378, -0.015871827) 17.864023
(18.028944, 0.0129280435) 17.864023
(17.972336, -0.053641953) 17.864023
(17.987604, 0.0008347492) 17.864023
(17.985336, -0.03205476) 17.864023
(17.945356, 0.02081227) 17.864023
(18.01347, 0.10324544) 17.864023
(17.983347, 0.009618528) 17.864023
(17.939789, -0.10444162) 17.864023
(17.983805, 0.044486213) 17.864023
(17.98133, 0.002759342) 17.864023
(17.976177, 0.03156017) 17.864023
(17.963184, 0.047681343) 17.864023
(17.95898, 0.067830645) 17.864023
(17.951351, 0.024975533) 17.864023
(17.964645, 0.0011770077) 17.864023
(17.936384, -0.0039721234) 17.864023
(17.940418, -0.004889615) 17.864023
(17.93482, 0.01252073) 17.864023
(17.98304, -0.00040354347) 17.864023
(17.95011, -0.051028404) 17.864023
(17.922531, -0.07861957) 17.864023
(17.985144, 0.014641437) 17.864023
(17.961502, -0.031279698) 17.864023
(17.962069, 0.054817896) 17.864023
(17.974297, -0.051701486) 17.864023
(17.918377, 0.026163239) 17.864023
(17.961552, 0.007727966) 17.864023
(17.983313, 0.024296613) 17.864023
(18.03228, 0.0910914) 17.864023
(17.935246, -0.011143721) 17.864023
(17.982964, -0.015310492) 17.864023
(17.953796, 0.045975283) 17.864023
(17.961363, -0.033811457) 17.864023
(17.959059, 0.006604618) 17.864023
(17.986172, 0.009622836) 17.864023
(17.973413, 0.030795965) 17.864023
(17.966824, 0.03169107) 17.864023
(17.930906, -0.011457671) 17.864023
(17.974281, 0.02933422) 17.864023
(17.979395, 0.03220612) 17.864023
(17.96187, -0.06509253) 17.864023
(17.983515, 0.023141716) 17.864023
(18.030273, 0.037657954) 17.864023
(17.959938, -0.015158364) 17.864023
(17.916492, -0.014767494) 17.864023
(17.94102, -0.06050937) 17.864023
(17.95727, -0.08157605) 17.864023
(17.963598, 0.04941317) 17.864023
(17.929955, -0.036015734) 17.864023
(17.989937, 0.03411397) 17.864023
(17.993427, -0.092966706) 17.864023
(17.947155, -0.01111142) 17.864023
(18.0035, -0.04987639) 17.864023
(17.953903, -0.1335267) 17.864023
(17.979378, 0.06784205) 17.864023
(17.934847, -0.09736894) 17.864023
(17.972645, -0.014678078) 17.864023
(17.944956, -0.012948715) 17.864023
(17.920557, -0.086528964) 17.864023
(18.008665, 0.003199686) 17.864023
(17.944605, -0.024609085) 17.864023
(17.963665, -0.06529083) 17.864023
(17.99079, -0.054063585) 17.864023
(17.943438, -0.015966691) 17.864023
(17.981243, 0.062250238) 17.864023
(17.990086, -0.028537126) 17.864023
(17.949938, -0.044790253) 17.864023
(17.932276, -0.07357759) 17.864023
(17.908394, 0.009427411) 17.864023
(17.947336, -0.024294449) 17.864023
(17.979248, -0.021080052) 17.864023
(17.949018, -0.017131753) 17.864023
(17.950047, 0.05429696) 17.864023
(17.966965, 0.022230275) 17.864023
(17.968657, 0.05745829) 17.864023
(17.98084, 0.045026023) 17.864023
(18.034243, -0.0011301871) 17.864023
(17.963024, -0.049176846) 17.864023
(17.972414, -0.047162466) 17.864023
(17.923794, -0.08438535) 17.864023
(17.942015, 0.045227192) 17.864023
(18.007914, -0.064075924) 17.864023
(17.986128, 0.04598074) 17.864023
(17.978338, 0.069496326) 17.864023
(17.98892, -0.0155556835) 17.864023
(18.038898, 0.120877534) 17.864023
(17.970026, 0.112646855) 17.864023
(17.95519, -0.027247066) 17.864023
(17.929386, 0.017076775) 17.864023
(17.955164, -0.05411506) 17.864023
(17.970188, -0.00856933) 17.864023
(17.942486, -0.052828662) 17.864023
(17.998714, 0.0038084039) 17.864023
(17.912472, -0.046935968) 17.864023
(17.981565, -0.042123824) 17.864023
(17.908724, -0.14539048) 17.864023
(17.981785, 0.008262955) 17.864023
(17.971956, 0.03126222) 17.864023
(17.950268, -0.024063975) 17.864023
(17.95181, 0.06290414) 17.864023
(17.974333, 0.008273784) 17.864023
(17.993097, 0.04367739) 17.864023
(17.976675, -0.032687437) 17.864023
(17.923365, 0.023187077) 17.864023
