(17.994272, 0.018346217) inf
(17.991587, -0.03854858) 17.994272
(18.003633, -0.022621391) 17.991587
(17.994122, -0.0019510937) 17.991587
(17.98712, -0.017572057) 17.991587
(17.980574, 0.008154369) 17.98712
(17.990778, 0.009379438) 17.980574
(17.986822, -0.007697426) 17.980574
(17.97102, -0.044997413) 17.980574
(17.974066, -0.013452728) 17.97102
(17.970066, -0.028060902) 17.97102
(17.99479, 0.0046186573) 17.970066
(17.99146, 0.008636077) 17.970066
(17.992584, -0.050393958) 17.970066
(17.969715, -0.021103278) 17.970066
(17.971554, 0.012215501) 17.969715
(18.00045, 0.009563721) 17.969715
(17.99824, -0.0011432107) 17.969715
(18.00146, 0.014944245) 17.969715
(17.98187, 0.014049136) 17.969715
(17.969656, -0.032042496) 17.969715
(17.98605, 0.008923802) 17.969656
(17.964317, -0.0067893) 17.969656
(17.982546, 0.02511642) 17.964317
(17.987503, 0.023106935) 17.964317
(17.974348, -0.024320737) 17.964317
(17.98933, -0.013944832) 17.964317
(17.964144, -0.019500524) 17.964317
(17.9772, 0.007712168) 17.964144
(17.977602, 0.021410339) 17.964144
(17.991747, -0.011697683) 17.964144
(17.969755, -0.031188775) 17.964144
(17.991722, -0.005662587) 17.964144
(17.991852, -0.014586618) 17.964144
(17.989851, -0.010884274) 17.964144
(17.98848, 0.030809803) 17.964144
(18.0105, 0.0097185485) 17.964144
(17.983957, 0.0060235644) 17.964144
(17.990364, 0.0050147013) 17.964144
(18.011547, 0.06649309) 17.964144
(18.011179, 0.042803176) 17.964144
(17.968714, -0.02027107) 17.964144
(17.982296, 0.006417368) 17.964144
(17.973186, -0.005658211) 17.964144
(17.97814, 0.015731188) 17.964144
(18.017008, 0.011425785) 17.964144
(17.983988, -0.017668163) 17.964144
(17.987574, 0.0109202) 17.964144
(18.009426, 0.012635649) 17.964144
(17.954504, -0.03371259) 17.964144
(18.006794, 0.026951004) 17.954504
(17.972836, 0.0021180005) 17.954504
(17.979158, 0.0043825745) 17.954504
(17.978899, -0.025699215) 17.954504
(17.978598, 0.033115566) 17.954504
(17.968641, -0.06579862) 17.954504
(17.987408, -0.010005609) 17.954504
(17.952862, -0.019429093) 17.954504
(17.989334, -0.013849725) 17.952862
(17.962856, -0.030573262) 17.952862
(17.99209, 0.03438768) 17.952862
(17.994871, 0.008071081) 17.952862
(17.981804, 0.013792816) 17.952862
(17.978039, -0.03475685) 17.952862
(17.972515, -0.003036357) 17.952862
(17.987707, 0.016772335) 17.952862
(17.993622, 0.04080397) 17.952862
(18.00709, 0.013684048) 17.952862
(17.973703, -0.029728003) 17.952862
(17.967632, -0.011492445) 17.952862
(17.97628, 0.013586556) 17.952862
(18.02425, 0.041812245) 17.952862
(17.9869, 0.04047822) 17.952862
(17.98093, 0.008910096) 17.952862
(17.982403, 0.0067250384) 17.952862
(18.022617, 0.009730159) 17.952862
(17.977875, 0.009475647) 17.952862
(17.963072, -0.04407092) 17.952862
(17.97886, -0.033714086) 17.952862
(17.986568, 0.0017555304) 17.952862
(17.982582, -0.000423872) 17.952862
(17.979652, -0.013819474) 17.952862
(17.97786, -0.02742125) 17.952862
(17.984568, 0.020937702) 17.952862
(17.991718, 0.019757913) 17.952862
(17.977575, -0.037807208) 17.952862
(17.968256, -0.02113678) 17.952862
(17.97364, -0.02336422) 17.952862
(17.988739, 0.018475685) 17.952862
(17.97475, -0.016204663) 17.952862
(17.990768, 0.018441383) 17.952862
(17.979233, -0.010998751) 17.952862
(17.982569, 0.0014700823) 17.952862
(17.996058, 0.0019323217) 17.952862
(17.97137, -0.01905311) 17.952862
(17.997639, 0.057351388) 17.952862
(17.960363, -0.011302472) 17.952862
(17.99137, -0.028863108) 17.952862
(17.996582, 0.009767574) 17.952862
(17.974224, -0.007742232) 17.952862
(17.983938, 0.0019810905) 17.952862
(17.976023, 0.03058753) 17.952862
(17.951385, -0.007634969) 17.952862
(18.001873, 0.05361747) 17.951385
(17.986382, 0.012562366) 17.951385
(17.982203, 0.016148437) 17.951385
(17.954464, -0.03371724) 17.951385
(18.010632, 0.013011326) 17.951385
(17.943882, -0.022364147) 17.951385
(17.977278, -0.028476043) 17.943882
(18.004313, 0.011030244) 17.943882
(17.968962, -0.034729093) 17.943882
(17.959156, -0.027323874) 17.943882
(17.99089, -0.005299609) 17.943882
(17.977259, -0.04058856) 17.943882
(17.980122, 0.03903585) 17.943882
(17.974298, 0.0069094608) 17.943882
(17.986015, 0.039468296) 17.943882
(17.975588, -0.004216069) 17.943882
(18.007912, 0.020915769) 17.943882
(17.985706, -0.002950241) 17.943882
(17.97155, -0.03636576) 17.943882
(17.986359, 0.031573564) 17.943882
(17.976692, 0.00089875533) 17.943882
(17.995453, -0.0009845352) 17.943882
(18.0179, 0.038424186) 17.943882
(17.979883, 0.02333988) 17.943882
(17.979853, -0.00037440323) 17.943882
(17.98235, -0.013301777) 17.943882
(17.970224, -0.017095167) 17.943882
(17.9818, 0.009250784) 17.943882
(17.97108, -0.04215825) 17.943882
(18.005726, 0.03525798) 17.943882
(17.981552, -0.007241251) 17.943882
(17.980618, 0.00051181414) 17.943882
(17.969622, -0.020717544) 17.943882
(17.995878, 0.032597158) 17.943882
(17.970285, -0.03519773) 17.943882
(17.982391, -0.017717505) 17.943882
(17.957344, -0.016062306) 17.943882
(17.97321, 0.0075134216) 17.943882
(17.96696, -0.03174735) 17.943882
(17.993769, -0.03882223) 17.943882
(17.973461, 0.017369643) 17.943882
(17.989992, 0.010972375) 17.943882
(17.955936, -0.018235374) 17.943882
(17.991192, -0.016803268) 17.943882
(17.971636, 0.0029133344) 17.943882
(17.958616, -0.060651306) 17.943882
(17.996109, 0.013185469) 17.943882
(17.991344, 0.000977662) 17.943882
(17.967756, -0.049705092) 17.943882
(17.995079, -0.010025375) 17.943882
(17.948763, -0.016874608) 17.943882
(17.957626, -0.0018444038) 17.943882
(17.98663, -0.020145722) 17.943882
(18.013212, 0.022872334) 17.943882
(17.97857, -0.007562829) 17.943882
(17.966635, -0.017174117) 17.943882
(17.994022, 0.0014311075) 17.943882
(17.967012, -0.04493993) 17.943882
(17.978498, -0.0020791306) 17.943882
(17.969868, 0.0058270064) 17.943882
(17.981298, 0.017318496) 17.943882
(17.993137, -0.011020689) 17.943882
(17.992691, 0.038297374) 17.943882
(17.981245, -0.00019298887) 17.943882
(18.014072, 0.015508992) 17.943882
(17.9744, 0.026924632) 17.943882
(18.006538, 0.032483727) 17.943882
(17.972801, 0.0012226389) 17.943882
(17.980488, 0.017016707) 17.943882
(18.01038, 0.027456991) 17.943882
(17.974018, -0.015976164) 17.943882
(17.97023, -0.020541381) 17.943882
(17.960226, -0.01842453) 17.943882
(18.003613, 0.019506736) 17.943882
(17.979162, 0.034576174) 17.943882
(17.982523, -0.02981295) 17.943882
(17.970325, -0.018392013) 17.943882
(17.984228, 0.05819786) 17.943882
(17.96742, 0.00433115) 17.943882
(17.97077, 0.0064306553) 17.943882
(17.946333, -0.07217288) 17.943882
(17.969858, -0.014890106) 17.943882
(17.945274, -0.05210701) 17.943882
(17.976643, 0.006344333) 17.943882
(18.006277, 0.012662598) 17.943882
(17.95416, -0.020623831) 17.943882
(17.98489, -0.012960821) 17.943882
(18.000412, 0.031121925) 17.943882
(17.979935, 0.0058533503) 17.943882
(18.002115, 0.043395363) 17.943882
(17.97938, 0.027615055) 17.943882
(17.978703, 0.013226224) 17.943882
(17.976452, -0.039662253) 17.943882
(17.984293, -0.011850386) 17.943882
(17.965328, 0.016871843) 17.943882
(17.964468, -0.03680289) 17.943882
(17.985952, -0.0517117) 17.943882
(17.97686, -0.035950035) 17.943882
(17.959343, -0.025635647) 17.943882
(17.997059, 0.019892156) 17.943882
(17.997152, 0.036116052) 17.943882
(17.975737, -0.0036804094) 17.943882
(17.988926, 0.038585342) 17.943882
(17.995274, 0.01465009) 17.943882
(17.995993, 0.022241931) 17.943882
(18.011581, 0.018301325) 17.943882
(17.966734, 0.0038305812) 17.943882
(17.960646, -0.01679381) 17.943882
(17.960339, -0.044152886) 17.943882
(17.9797, 0.006051029) 17.943882
(18.004173, 0.016031208) 17.943882
(17.977007, 0.027681302) 17.943882
(18.00085, 0.013126625) 17.943882
(17.974922, -0.017416924) 17.943882
(17.957945, -0.022747599) 17.943882
(18.009531, 0.060983825) 17.943882
(17.979042, -0.0066157463) 17.943882
(18.0132, 0.02892136) 17.943882
(18.039488, 0.09524255) 17.943882
(17.982862, -0.0059060315) 17.943882
(17.991737, 0.017398467) 17.943882
(17.9866, -0.008727738) 17.943882
(18.008678, 0.0040664054) 17.943882
(17.956652, -0.03341909) 17.943882
(17.96627, 0.013143109) 17.943882
(17.960985, 0.0032297305) 17.943882
(17.96894, -0.028069694) 17.943882
(17.971266, -0.012811863) 17.943882
(17.96375, 0.01416505) 17.943882
(17.948704, -0.006126845) 17.943882
(18.00946, 0.044513542) 17.943882
(17.975273, 0.0061931117) 17.943882
(17.96396, 0.006800426) 17.943882
(17.997572, 0.04158655) 17.943882
(17.973446, -0.03155626) 17.943882
(17.95918, -0.016961707) 17.943882
(17.956316, -0.041705545) 17.943882
(17.970715, 0.041815408) 17.943882
(18.006561, 0.02246001) 17.943882
(17.977211, 0.025456665) 17.943882
(17.969944, -0.02024212) 17.943882
(17.982527, -0.029778806) 17.943882
(17.987019, 0.027361209) 17.943882
(17.97343, -0.020726265) 17.943882
(18.007671, -0.00033979796) 17.943882
(17.991663, -0.012526745) 17.943882
(17.977724, 0.0016916103) 17.943882
(17.994257, 0.033694603) 17.943882
(17.937263, -0.046108246) 17.943882
(17.976871, -0.02467422) 17.937263
(17.960426, -0.0003602066) 17.937263
(17.990238, 0.02233357) 17.937263
(17.969536, 0.005423185) 17.937263
(17.997675, 0.001514822) 17.937263
(17.984808, -0.0119900275) 17.937263
(17.978575, -0.008173249) 17.937263
(17.98535, 0.051932152) 17.937263
(17.937088, -0.024435252) 17.937263
(17.963964, -0.050656665) 17.937088
(17.974375, -0.038935117) 17.937088
(17.942345, -0.033127815) 17.937088
(17.987602, 0.009780761) 17.937088
(17.970371, -0.018474495) 17.937088
(17.978521, -0.0022858323) 17.937088
(17.956226, -0.02358428) 17.937088
(17.955448, -0.0154358) 17.937088
(17.963566, -0.0032244662) 17.937088
(17.97232, 0.024867374) 17.937088
(17.985567, 0.01829713) 17.937088
(17.976305, 0.007875243) 17.937088
(17.957664, 0.003621151) 17.937088
(18.01147, 0.02742633) 17.937088
(17.963224, -0.06200174) 17.937088
(17.986616, -0.02336669) 17.937088
(17.990013, 0.06906452) 17.937088
(17.987995, 0.0028391886) 17.937088
(17.994867, 0.03213611) 17.937088
(17.976048, 0.00053959084) 17.937088
(17.959, -0.028851418) 17.937088
(17.982157, -0.016694764) 17.937088
(17.963215, -0.005167751) 17.937088
(17.970604, 0.03931874) 17.937088
(17.992643, -0.018352063) 17.937088
(17.95014, -0.040214416) 17.937088
(17.959774, -0.041199405) 17.937088
(17.95803, -0.015533961) 17.937088
(17.942785, -0.04696099) 17.937088
(17.992203, 0.024855759) 17.937088
(17.969145, 0.017076638) 17.937088
(17.959455, 0.0064757327) 17.937088
(17.992153, 0.039872166) 17.937088
(17.97402, 0.044003073) 17.937088
(17.965733, 0.013386028) 17.937088
(18.005537, -0.015820442) 17.937088
(17.970823, -0.019524867) 17.937088
(17.94453, -0.074200206) 17.937088
(17.93441, -0.07537163) 17.937088
(17.966963, 0.010992769) 17.93441
(17.974865, 0.0017158967) 17.93441
(17.989887, 0.06287784) 17.93441
(17.962574, -0.008080145) 17.93441
(17.96073, -0.02184432) 17.93441
(17.993414, 0.024683747) 17.93441
(17.930746, -0.025993168) 17.93441
(18.005491, 0.044273026) 17.930746
(17.97153, 0.0058110026) 17.930746
(17.94598, -0.047460664) 17.930746
(17.995672, 0.024103576) 17.930746
(17.981798, -0.010523616) 17.930746
(17.937204, -0.052407525) 17.930746
(17.960056, 0.002498396) 17.930746
(17.985315, 0.04068469) 17.930746
(17.971289, 0.015672611) 17.930746
(17.971582, 0.0034637337) 17.930746
(17.979324, -0.023379453) 17.930746
(17.94582, -0.05363797) 17.930746
(17.94693, -0.05901296) 17.930746
(17.979527, 0.035644002) 17.930746
(17.960293, -0.0025828744) 17.930746
(17.980625, 0.07037483) 17.930746
(17.960669, 0.0123325605) 17.930746
(17.92779, -0.04173802) 17.930746
(17.919691, -0.07652504) 17.92779
(17.969824, 0.035692155) 17.919691
(17.960752, -0.024520187) 17.919691
(17.967691, -0.04063123) 17.919691
(17.961754, -0.018517701) 17.919691
(17.939371, -0.013271202) 17.919691
(17.991383, 0.00045984125) 17.919691
(18.012905, 0.090876415) 17.919691
(17.943348, -0.031016609) 17.919691
(17.984905, 0.01064223) 17.919691
(17.984293, 0.016607692) 17.919691
(17.935038, -0.019231517) 17.919691
(17.99107, 0.027838733) 17.919691
(17.980196, 0.027694955) 17.919691
(17.96026, 0.004641414) 17.919691
(17.96484, 0.04338382) 17.919691
(17.976276, -0.0091629485) 17.919691
(17.894281, -0.03088736) 17.919691
(17.978355, 0.017482752) 17.894281
(17.964617, 0.04357353) 17.894281
(17.96906, 0.03217327) 17.894281
(17.950031, -0.0010840645) 17.894281
(17.944534, 0.002459672) 17.894281
(17.970718, -0.020989254) 17.894281
(17.960585, -0.02058664) 17.894281
(17.913937, -0.08795015) 17.894281
(17.967606, 0.051486015) 17.894281
(17.954216, -0.034119435) 17.894281
(17.96045, -0.03160438) 17.894281
(17.990507, -0.003579547) 17.894281
(17.992496, 0.017215682) 17.894281
(17.978098, 0.019100232) 17.894281
(17.951494, -0.012241415) 17.894281
(17.9614, -0.01131951) 17.894281
(17.97641, -0.032343384) 17.894281
(17.961702, -0.023246087) 17.894281
(17.952496, 0.0052589723) 17.894281
(17.974152, 0.009959326) 17.894281
(17.978743, 0.05205849) 17.894281
(17.932945, -0.028024357) 17.894281
(17.969799, 0.0289542) 17.894281
(17.99709, -0.0068014534) 17.894281
(17.947712, -0.06828202) 17.894281
(17.976786, 0.03292506) 17.894281
(17.960281, 0.009406127) 17.894281
(17.986786, 0.009772716) 17.894281
(17.945238, -0.04212247) 17.894281
(17.940163, -0.006454731) 17.894281
(17.935385, -0.02368258) 17.894281
(17.989523, 0.0236442) 17.894281
(17.959457, 0.021334762) 17.894281
(17.973736, 0.02240299) 17.894281
(17.956276, -0.0073013934) 17.894281
(17.968136, 0.04537826) 17.894281
(17.973406, 0.0144162215) 17.894281
(17.942804, -0.023664858) 17.894281
(17.958176, 0.011346739) 17.894281
(17.961489, -0.0012787237) 17.894281
(17.96856, -8.15239e-05) 17.894281
(17.984764, 0.037058145) 17.894281
(17.975042, 0.036810584) 17.894281
(17.931717, -0.0035040055) 17.894281
(17.935066, -0.037532527) 17.894281
(17.994106, 0.052758344) 17.894281
(17.964287, 0.0065826015) 17.894281
